0 1 0.800118559916
0 2 0.731503569002
0 5 0.273929014121
0 6 0.398405853212
0 7 0.987004341326
0 8 0.662391801739
0 10 0.299032043205
0 11 0.549115692593
0 12 0.781299282937
0 13 0.366508715491
0 18 0.787586311606
0 19 0.894155046065
1 0 0.867929588823
1 2 0.703683400741
1 7 0.196062618161
1 10 0.460514569655
1 11 0.428787152291
1 12 0.306756700463
1 17 0.158223063043
1 18 0.319056514864
2 1 0.28971053333
2 3 0.493816006691
2 4 0.528466174139
2 5 0.974178023451
2 7 0.639931750179
2 8 0.588438957005
2 10 0.179971285294
2 14 0.384342855751
2 19 0.753460459549
3 2 0.45658396367
3 4 0.49213646854
3 5 0.688317822164
3 10 0.459947859365
3 11 0.392607527326
3 15 0.440747320737
3 16 0.211600058503
4 0 0.769665107474
4 2 0.433843793347
4 3 0.822837941725
4 5 0.154800450889
4 10 0.683159478267
4 11 0.221251332067
4 15 0.385733607519
4 16 0.413700106576
4 17 0.465929609307
4 18 0.385225089523
4 19 0.381209761112
5 0 0.982794848524
5 2 0.284501232139
5 3 0.424946374082
5 6 0.792591267863
5 7 0.0243784761251
5 10 0.616249053697
5 12 0.266397231377
5 13 0.355974525438
5 14 0.890041116432
5 15 0.993712266391
5 16 0.295660800858
5 19 0.364340378839
6 0 0.0554279257899
6 1 0.171949025304
6 4 0.491374423674
6 5 0.871371079057
6 7 0.203609056816
6 8 0.375246320816
6 10 0.995345531792
6 14 0.361992397436
6 15 0.651543370201
6 19 0.623111436832
7 0 0.120889282308
7 2 0.919617931843
7 4 0.262658939306
7 5 0.483543778507
7 10 0.341035290968
7 11 0.255437925197
7 16 0.613157348661
8 0 0.355014980459
8 3 0.172937823395
8 4 0.5803400742
8 5 0.259283209218
8 6 0.313429205374
8 10 0.652421568349
8 12 0.672020076303
8 15 0.208934789093
8 16 0.975356158179
8 17 0.420317035736
8 18 0.864226412169
9 1 0.572519499046
9 6 0.649581796659
9 7 0.196181272152
9 8 0.380298747734
9 10 0.292815087418
9 11 0.854614061215
9 12 0.0825641697861
9 16 0.0373624007839
10 0 0.151304616634
10 1 0.515105136885
10 2 0.166535109346
10 3 0.868342295314
10 4 0.213426186441
10 5 0.687363042606
10 8 0.65754678737
10 9 0.192097354114
10 11 0.0699081628162
10 13 0.792281944892
10 17 0.788965471416
11 1 0.31791374802
11 3 0.947528997607
11 4 0.744022691064
11 5 0.0430577460489
11 6 0.102692836721
11 7 0.362990138501
11 8 0.983014548258
11 9 0.221372002283
11 10 0.99177698812
11 13 0.45080444383
11 15 0.363506672426
11 18 0.581566202631
11 19 0.0525412460609
12 5 0.249452215396
12 6 0.373668135482
12 7 0.303897309493
12 13 0.228463800654
12 14 0.563314550404
12 15 0.458661608536
12 18 0.595799613407
13 0 0.656307996533
13 18 0.931747461953
13 3 0.0800754897702
13 4 0.732489283233
13 15 0.510316535168
14 0 0.620077817797
14 3 0.179863230796
14 4 0.162271411745
14 6 0.279452199275
14 9 0.255423668119
14 10 0.470906529828
14 11 0.021989977736
14 13 0.495968676113
14 15 0.481525640811
14 17 0.0590944981296
14 18 0.291921217842
14 19 0.511832336482
15 4 0.840468705311
15 5 0.194633161741
15 8 0.992501953772
15 11 0.416375561819
15 14 0.413584245968
15 16 0.9008942162
15 17 0.0361080643207
16 0 0.482806935464
16 1 0.280802006146
16 2 0.600073719997
16 6 0.178911626473
16 7 0.365519888944
16 8 0.400801100135
16 9 0.950726186452
16 11 0.288972599107
16 15 0.509319527976
16 17 0.788828171912
17 1 0.10108315722
17 2 0.207462777761
17 5 0.982052267065
17 7 0.441732888335
17 13 0.191840443008
17 14 0.589984025123
17 15 0.755667957409
17 18 0.573520496321
17 19 0.920734111022
18 1 0.236744538322
18 2 0.857188969246
18 3 0.267131908099
18 7 0.679991169514
18 8 0.134962548303
18 9 0.987515829527
18 10 0.213003546119
18 11 0.915479626414
18 12 0.420962865695
18 13 0.215616538443
18 16 0.841263470982
18 19 0.279791930084
19 1 0.133974749109
19 5 0.987679247005
19 7 0.319958026166
19 10 0.655979526648
19 13 0.145273950963
19 16 0.266335070534
19 17 0.750802320908
19 18 0.979908662513
