0 1 0.0571196866389
0 2 0.34961474261
0 3 0.85216429118
0 4 0.424830361019
0 5 0.501056857471
0 6 0.702916216655
0 7 0.632141087735
0 8 0.725818500464
0 11 0.433502684056
0 13 0.905078361877
0 15 0.879910294567
0 16 0.884285593836
0 24 0.7360745802
0 27 0.39131807321
0 28 0.709330887674
0 29 0.207872029425
0 31 0.441774943387
0 33 0.775675858267
0 37 0.288764068805
0 38 0.501095189565
0 41 0.243495134362
0 43 0.550665754985
0 44 0.146298826209
0 46 0.871609364066
1 4 0.245389994254
1 6 0.746649036844
1 8 0.814032374626
1 9 0.97079172564
1 10 0.925163649693
1 13 0.116157037065
1 14 0.706261547255
1 15 0.694171364986
1 17 0.933705730141
1 19 0.848229682202
1 21 0.245173438844
1 22 0.67303524996
1 23 0.926770942408
1 25 0.536753982881
1 28 0.347720365913
1 30 0.921369154411
1 31 0.956872732738
1 32 0.646106953184
1 33 0.415130186014
1 34 0.325029934651
1 36 0.197425784415
1 42 0.747906630064
1 44 0.832974392497
1 45 0.349924187044
1 46 0.71139581298
1 48 0.697730374101
2 33 0.998756516873
2 36 0.114762616064
2 5 0.5261283973
2 7 0.526377436824
2 40 0.870366216076
2 10 0.846343569493
2 11 0.776997692242
2 13 0.853876653904
2 45 0.454264758262
2 49 0.36032943489
2 18 0.21502321882
2 42 0.74937797318
2 20 0.459528804052
2 21 0.808286060555
2 22 0.891383085497
2 24 0.912650616678
2 47 0.726146511398
2 29 0.121565847934
2 30 0.502866821238
3 4 0.557177493017
3 5 0.148756498971
3 8 0.998159952285
3 10 0.383416192747
3 11 0.485794106241
3 13 0.105829672136
3 14 0.411643051716
3 15 0.534763218086
3 16 0.422264548597
3 18 0.434612268764
3 20 0.779218244791
3 22 0.172199432127
3 23 0.839747176507
3 24 0.537731794234
3 25 0.247915703045
3 26 0.816918673206
3 28 0.53536332616
3 31 0.59531750159
3 34 0.213937387959
3 37 0.490484412803
3 40 0.208563161765
3 41 0.394679221357
3 44 0.150056691698
3 46 0.149495155863
3 47 0.191663620245
3 48 0.00682590302329
3 49 0.60969443051
4 7 0.0784967605408
4 8 0.256561185474
4 9 0.54302873943
4 11 0.715465067548
4 12 0.552833860212
4 13 0.386364434761
4 14 0.130201535346
4 16 0.00423664431117
4 17 0.638378126109
4 18 0.545956820398
4 20 0.598558900351
4 21 0.239811622393
4 22 0.642744419172
4 23 0.149881236344
4 24 0.390792399583
4 25 0.779477018602
4 26 0.359990924062
4 27 0.077149407216
4 28 0.0885833614639
4 32 0.470629222401
4 34 0.896009948702
4 35 0.737549092711
4 37 0.371377977169
4 40 0.0817368353057
4 41 0.210148413642
4 42 0.989644422583
4 43 0.210748854216
4 45 0.874312213975
4 46 0.457683933116
4 48 0.0971443800317
5 36 0.130045503183
5 8 0.201363630655
5 9 0.571968227579
5 41 0.151983236671
5 44 0.0431069638402
5 45 0.659555970633
5 15 0.0581622757312
5 40 0.119886120196
5 18 0.25041213288
5 20 0.422279225857
5 21 0.562356561064
5 23 0.376120719423
5 24 0.00532401758524
5 26 0.151486391272
5 27 0.786189948524
5 29 0.819282181168
5 30 0.855286124426
5 31 0.190000607426
6 8 0.74678281346
6 9 0.551376806814
6 10 0.464364642441
6 11 0.491376541178
6 15 0.326006639961
6 16 0.0200516046712
6 19 0.849109514021
6 24 0.803863244127
6 26 0.566874319907
6 27 0.0575248526801
6 30 0.967751721097
6 36 0.586723778443
6 38 0.857161825657
6 40 0.98904830084
6 41 0.989512266958
6 42 0.264677967405
6 43 0.887001023142
6 45 0.615482228864
6 46 0.627304197492
6 47 0.35599721026
6 48 0.135454142263
7 8 0.770332510626
7 9 0.525627213802
7 10 0.795907503229
7 13 0.90538940357
7 17 0.242060997291
7 18 0.27093438018
7 19 0.381734548756
7 20 0.933526555971
7 27 0.746347311179
7 30 0.768895414931
7 31 0.509747306889
7 32 0.552191070822
7 34 0.148216222149
7 37 0.391980059031
7 41 0.743814108661
7 42 0.372735588136
7 46 0.135191039451
7 48 0.368886750237
7 49 0.677974445344
8 9 0.542040571121
8 16 0.305304593013
8 17 0.679644184774
8 19 0.439717601282
8 20 0.408430907176
8 21 0.357717006445
8 25 0.119093437247
8 26 0.844843411261
8 29 0.133954769476
8 31 0.521828885083
8 34 0.107886764437
8 35 0.30132296523
8 36 0.122440499973
8 37 0.653430477332
8 40 0.645436682301
8 42 0.230557129191
8 47 0.962464849398
9 10 0.372633029788
9 12 0.419629229865
9 13 0.201200061792
9 14 0.960071571607
9 15 0.690107368939
9 18 0.530146339996
9 21 0.158659198257
9 24 0.982157926433
9 25 0.643888168397
9 27 0.38262914432
9 30 0.421191836883
9 31 0.197074586397
9 33 0.79087823647
9 34 0.317200965187
9 35 0.873509621701
9 36 0.266596812444
9 40 0.128364844479
9 42 0.102486816026
9 46 0.0796888531197
9 47 0.507745995629
9 48 0.890322024126
10 11 0.971494685128
10 15 0.645064277659
10 16 0.615374231489
10 18 0.473234073267
10 19 0.117859780615
10 20 0.605779122278
10 24 0.907246441833
10 25 0.386987314296
10 26 0.780561072536
10 33 0.575648796422
10 34 0.508640754378
10 35 0.975882419973
10 36 0.196301652353
10 37 0.195241388636
10 39 0.69627322248
10 40 0.690765256392
10 44 0.286233409954
10 45 0.864529018692
11 12 0.118646636569
11 16 0.0845654364158
11 17 0.273633189559
11 18 0.403287483073
11 19 0.601005264708
11 20 0.0532742895125
11 22 0.487439348507
11 23 0.182965535364
11 24 0.662268505834
11 30 0.271979797587
11 31 0.359731351276
11 33 0.113509968198
11 34 0.821480858028
11 35 0.822016369877
11 36 0.0552936670281
11 40 0.959477852357
11 46 0.612038323685
12 32 0.426820787077
12 33 0.573815491271
12 34 0.995651083748
12 35 0.0751254376077
12 42 0.515229132132
12 44 0.344323263007
12 13 0.520742626917
12 14 0.608980763773
12 16 0.22451034397
12 46 0.235428373187
12 22 0.340984581094
12 41 0.879137250484
12 24 0.342475463915
12 26 0.622040264932
12 28 0.827353218935
12 29 0.00363162694656
12 31 0.877494637564
13 14 0.148854754462
13 15 0.811954177833
13 16 0.680690553975
13 17 0.515238016011
13 18 0.103753520138
13 21 0.776854433422
13 25 0.55996254157
13 26 0.731038006846
13 27 0.59100540427
13 29 0.120891465311
13 31 0.981470925787
13 33 0.0143812008271
13 34 0.851869681923
13 35 0.315458568481
13 36 0.962383266211
13 37 0.181501233485
13 39 0.383894964027
13 40 0.607437061822
13 41 0.0014632322838
13 43 0.331404956629
13 44 0.58954019911
13 47 0.870318221713
13 48 0.140859649795
14 37 0.684394006603
14 49 0.867346847142
14 40 0.232572093809
14 42 0.511328400396
14 15 0.89150854359
14 48 0.228076510693
14 17 0.321827687017
14 20 0.470763867938
14 21 0.916341667653
14 41 0.704470982309
14 26 0.336114577415
14 27 0.129175675457
14 44 0.442521759869
14 30 0.0977318783796
15 20 0.03741423522
15 21 0.313698555696
15 25 0.641436344497
15 26 0.142711455066
15 27 0.5385021012
15 31 0.77686631668
15 34 0.608837599818
15 38 0.524450997275
15 41 0.307262066337
15 43 0.406760164497
15 45 0.386533447276
15 46 0.6450574049
15 47 0.857995106662
15 48 0.311443646054
16 18 0.373477653184
16 19 0.799387944034
16 20 0.704132867585
16 25 0.478923529722
16 28 0.208835137676
16 30 0.83102681364
16 32 0.14939761606
16 35 0.925785789609
16 36 0.334925375335
16 37 0.296962856914
16 38 0.563446505107
16 39 0.356319888469
16 40 0.962389526099
16 42 0.129724929423
16 43 0.0159912449311
16 45 0.426093898205
16 46 0.171543108503
16 47 0.781766187426
16 48 0.51069440327
16 49 0.0870776805375
17 18 0.654421262275
17 21 0.879762535745
17 22 0.710426718902
17 23 0.667221423254
17 25 0.978094112266
17 26 0.255009660514
17 27 0.241218312457
17 29 0.763345268091
17 31 0.0645015041607
17 33 0.902208688349
17 34 0.0376019009273
17 36 0.964015764106
17 38 0.805704045269
17 39 0.784871287014
17 40 0.700553377641
17 41 0.497910724363
17 42 0.92254101521
17 43 0.185047846329
17 45 0.244495100021
17 49 0.643822853684
18 22 0.975198966136
18 23 0.797870977334
18 25 0.239193050395
18 26 0.349353644135
18 27 0.381668911423
18 29 0.378049959712
18 33 0.336697257555
18 34 0.0634644908275
18 37 0.93295518742
18 41 0.675251425403
18 42 0.978503427537
18 44 0.793457047848
18 47 0.627041606681
18 48 0.901089682353
19 35 0.859384399028
19 48 0.539457228782
19 37 0.426240091128
19 45 0.830202069054
19 46 0.855905163832
19 40 0.182984253433
19 21 0.346256094079
19 23 0.288503415271
19 39 0.00819061887118
19 26 0.279133771103
19 38 0.607382003514
19 42 0.0683058367539
19 30 0.129600019654
20 21 0.657555361284
20 22 0.0216646826286
20 24 0.239150256485
20 25 0.0121683330897
20 27 0.285671168584
20 28 0.463452749117
20 34 0.630736077179
20 37 0.474021117117
20 39 0.751417618551
20 40 0.766217930293
20 44 0.664766886719
20 49 0.196314123285
21 22 0.897305758366
21 25 0.955257988418
21 28 0.29029579312
21 30 0.559512898444
21 32 0.850962921954
21 33 0.368344863879
21 37 0.0231702438544
21 43 0.640139066381
21 44 0.119193979036
21 47 0.665843467225
21 48 0.90355448323
21 49 0.342425094284
22 23 0.155511015313
22 24 0.77501968694
22 25 0.312007721263
22 29 0.613581830492
22 34 0.819882309365
22 35 0.133253291512
22 37 0.0206555271896
22 38 0.259150402661
22 39 0.742046758935
22 40 0.504174640401
22 41 0.0311868860727
22 43 0.761487351245
22 44 0.202367797897
22 45 0.877360696671
22 46 0.309740320424
22 47 0.34207708876
22 49 0.575129350211
23 32 0.277776249244
23 35 0.442224344716
23 33 0.55088318165
23 41 0.370759319045
23 44 0.746162926617
23 25 0.278072578631
23 38 0.310243211796
23 28 0.810202953384
23 29 0.26766037224
23 30 0.453930718852
23 36 0.723234015366
24 27 0.356861514964
24 28 0.592594728642
24 31 0.905876674144
24 34 0.265512404998
24 36 0.219769238871
24 37 0.104767834091
24 38 0.604604965131
24 39 0.306440058192
24 42 0.00317100191442
24 43 0.218369820899
24 45 0.910828941901
24 47 0.120415182297
25 28 0.615184935723
25 34 0.969219009556
25 35 0.363942420476
25 37 0.625628095701
25 39 0.0149607831573
25 40 0.574042988127
25 42 0.0617972941916
25 43 0.176529603483
25 45 0.604926501581
25 46 0.428358801857
25 47 0.948560821827
25 48 0.541927030603
25 49 0.837953260806
26 27 0.838597097831
26 30 0.044846419159
26 32 0.865021412128
26 33 0.637464026884
26 35 0.747469663898
26 36 0.932546679939
26 37 0.664543409793
26 38 0.0458480923021
26 39 0.338158773697
26 41 0.553895476028
26 45 0.11383824229
26 48 0.432124129405
27 34 0.550387302666
27 35 0.0287096425092
27 39 0.589185818121
27 48 0.871463585193
27 49 0.67060860028
27 41 0.874378217766
27 38 0.457576360237
28 29 0.638433584331
28 31 0.458459437223
28 33 0.582727067725
28 34 0.573771199478
28 35 0.315476964544
28 36 0.00935199867152
28 37 0.95219755803
28 38 0.891906860139
28 41 0.513206925166
28 43 0.905692590818
28 45 0.0722686705956
28 49 0.985298908722
29 32 0.787128961018
29 34 0.618621916201
29 36 0.981654819017
29 38 0.232143800765
29 49 0.0179478989361
29 41 0.317583240115
29 43 0.0977802206486
29 45 0.797534506296
29 40 0.365787232686
29 31 0.834056039234
30 31 0.176779872859
30 34 0.074914199923
30 37 0.43246943375
30 40 0.293751525715
30 43 0.794860439851
30 45 0.885466041244
30 46 0.549966255972
30 47 0.0326303167422
30 49 0.316090247703
31 34 0.170388139072
31 36 0.0322643679707
31 37 0.707670566307
31 40 0.420436575466
31 41 0.603760735031
31 42 0.73173042175
31 43 0.878051904786
31 45 0.532268884061
31 47 0.270884960035
31 48 0.580835256813
31 49 0.480362896264
32 34 0.936192296091
32 35 0.749779590695
32 37 0.343602138302
32 44 0.115935140009
32 42 0.85252139733
32 45 0.920767426279
32 47 0.613895965454
32 49 0.0362055890356
33 35 0.886870172299
33 36 0.253313346942
33 40 0.52640222738
33 41 0.583611925288
33 42 0.0661665950344
33 45 0.930772888176
33 47 0.964931724953
33 48 0.474976988009
34 36 0.551957197784
34 37 0.0740619349996
34 39 0.44415604479
34 41 0.292288763899
34 44 0.952635368603
34 45 0.75475107753
34 47 0.210167885291
34 48 0.512451141061
35 36 0.00917776100404
35 37 0.420185448194
35 40 0.461443013032
35 43 0.233516552915
35 44 0.811559921074
35 45 0.370544578204
36 38 0.680491549808
36 41 0.548051704933
36 42 0.00896228875872
36 46 0.886347960306
36 48 0.35562997457
36 49 0.0523725960647
37 38 0.575706294963
37 41 0.276122878712
37 44 0.219836584765
37 45 0.456341939899
37 47 0.246969512386
37 48 0.433101354573
38 48 0.0741585886249
38 49 0.366772282868
38 40 0.866265646055
38 44 0.286111412302
38 46 0.916377425994
39 49 0.55915846936
39 41 0.0112929853945
39 43 0.238591335492
39 46 0.844792426793
39 45 0.351884076863
39 42 0.537946643972
40 42 0.3327113821
40 44 0.252124909514
40 46 0.684515962868
40 47 0.847907947782
40 48 0.205216364778
40 49 0.135515022935
41 42 0.018737901833
41 43 0.555330162499
41 44 0.422844051355
41 45 0.396049856827
41 47 0.327066053177
42 43 0.452633403505
42 44 0.248639641125
42 45 0.471315365368
42 47 0.402955302926
43 48 0.762996525633
44 45 0.0171103728584
44 48 0.133584393356
44 49 0.0683058910904
45 46 0.0691877878093
45 48 0.208248488763
45 49 0.318836448075
46 47 0.359740181062
46 48 0.163593601329
46 49 0.741522244612
47 48 0.362881788492
47 49 0.567172979338
48 49 0.996804329094
