30 1412 0.421130625606 
30 3352 0.234087916059 
30 5254 0.740345741981 
30 5543 0.320361914885 
30 7478 0.682475999237 
3 25 0.375044771092 
3 30 0.992245406805 
3 39 0.0205039271283 
3 54 0.69220770018 
3 108 0.558838640026 
3 152 0.408776259276 
3 178 0.735901690977 
3 182 0.918144230573 
3 214 0.340423203495 
3 271 0.62632799367 
3 286 0.27429957093 
3 300 0.0257342535595 
3 348 0.958188344477 
3 349 0.228837590667 
3 371 0.629966361294 
3 567 0.968037254496 
3 581 0.214595728633 
3 584 0.612351636399 
3 586 0.269471562864 
3 590 0.0568443149866 
3 604 0.430239800024 
3 611 0.555081776835 
3 8283 0.235160384614 
25 3 0.818743136272 
25 6 0.571893048331 
25 8 0.497007729417 
25 19 0.698702012087 
25 23 0.0590260765978 
25 28 0.369017370183 
25 29 0.0566202303056 
25 30 0.320452655529 
25 33 0.869966289252 
25 35 0.149613822978 
25 50 0.165441376466 
25 54 0.954291288733 
25 55 0.195670652243 
25 75 0.197977279995 
25 80 0.645199365161 
25 86 0.153636351074 
25 94 0.085764056515 
25 127 0.575328361165 
25 152 0.413147808074 
25 154 0.9527082579 
25 182 0.829168348694 
25 192 0.195934420788 
25 214 0.468703554478 
25 224 0.376271060128 
25 226 0.543222293887 
25 246 0.837978380124 
25 252 0.207530730806 
25 255 0.685883316724 
25 257 0.607634115001 
25 261 0.851695964352 
25 271 0.271719717106 
25 273 0.785586346513 
25 280 0.151379646753 
25 282 0.958258585704 
25 286 0.819129890951 
25 299 0.0105803573439 
25 300 0.1370030532 
25 302 0.511436339417 
25 306 0.370392857147 
25 308 0.68698339313 
25 310 0.603511762576 
25 322 0.543058271341 
25 325 0.0523422805725 
25 339 0.540731189428 
25 348 0.331046633337 
25 349 0.938303813518 
25 356 0.630536887739 
25 358 0.0424489585597 
25 363 0.352746005339 
25 370 0.835003958696 
25 371 0.573288154114 
25 373 0.627656362735 
25 377 0.675549261548 
25 379 0.584581240456 
25 407 0.359601237733 
25 415 0.351776100393 
25 422 0.496911240768 
25 428 0.764240572997 
25 439 0.815836299426 
25 488 0.800389046432 
25 514 0.00879570434687 
25 545 0.448659122005 
25 549 0.168582078591 
25 560 0.856858248383 
25 590 0.725236935196 
25 4 0.0001551579336 
25 600 0.21272884983 
25 604 0.277999302559 
25 611 0.903502933891 
25 645 0.37880451637 
25 650 0.536992699457 
25 659 0.163027062027 
25 664 0.214880857417 
25 667 0.657505711005 
25 673 0.0569622837112 
25 675 0.0996408832478 
25 696 0.342396857885 
25 706 0.904312281947 
25 723 0.199516948579 
25 739 0.459438081539 
25 756 0.0448746530206 
25 857 0.184183301082 
25 864 0.849543840592 
25 893 0.322703489922 
25 959 0.639634096892 
25 994 0.424196899724 
25 1131 0.53419360397 
25 3755 0.792226086267 
25 8282 0.375956635933 
25 8284 0.235947944141 
4 8 0.822647613595 
4 10 0.978555446056